20
1 1400 10 11 12 13 14 15 16 17 18 19 20 21
2 1350 9 10 11 12 13 14 15 16 17 18 19 20
3 1500 8 9 10 11 12 13 14 15 16 17 18 19
4 1420 11 12 13 14 15 16 17 18 19 20 21 22
5 1380 12 13 14 15 16 17 18 19 20 21 22 23
6 1460 7 8 9 10 11 12 13 14 15 16 17 18
7 1520 13 14 15 16 17 18 19 20 21 22 23 24
8 1490 6 7 8 9 10 11 12 13 14 15 16 17
9 1410 14 15 16 17 18 19 20 21 22 23 24 25
10 1550 5 6 7 8 9 10 11 12 13 14 15 16
11 1430 15 16 17 18 19 20 21 22 23 24 25 26
12 1510 7 8 9 10 11 12 13 14 15 16 17 18
13 1475 16 17 18 19 20 21 22 23 24 25 26 27
14 1395 8 9 10 11 12 13 14 15 16 17 18 19
15 1535 17 18 19 20 21 22 23 24 25 26 27 28
16 1455 9 10 11 12 13 14 15 16 17 18 19 20
17 1505 18 19 20 21 22 23 24 25 26 27 28 29
18 1445 10 11 12 13 14 15 16 17 18 19 20 21
19 1565 19 20 21 22 23 24 25 26 27 28 29 30
20 1485 11 12 13 14 15 16 17 18 19 20 21 22
